-142.0	-2.002002000808716
-139.0	-1.001001000404358
-131.0	-3.0030031204223633
-130.0	-51.05105209350586
-129.0	-28.02802848815918
-128.0	-107.10710906982422
-127.0	-204.20420837402344
-126.0	-3.0030031204223633
-125.0	-1.001001000404358
-119.0	-2.002002000808716
-118.0	-53.05305480957031
-117.0	-8.008008003234863
-116.0	-179.17918395996094
-115.0	-68.06806945800781
-114.0	-370.370361328125
-113.0	-822.8228149414062
-112.0	-22.022022247314453
-107.0	-1.001001000404358
-106.0	-3.0030031204223633
-105.0	-2.002002000808716
-104.0	-14.01401424407959
-103.0	-9.00900936126709
-102.0	-51.05105209350586
-101.0	-52.05205154418945
-100.0	-27.027027130126953
-99.0	-25.0250244140625
-98.0	-1.001001000404358
-92.0	-2.002002000808716
-91.0	-1.001001000404358
-90.0	-5.0050048828125
-89.0	-11.011011123657227
-88.0	-22.022022247314453
-87.0	-65.0650634765625
-86.0	-62.06206130981445
-85.0	-10.010009765625
-77.0	-2.002002000808716
-76.0	-1.001001000404358
-75.0	-3.0030031204223633
-74.0	-1.001001000404358
-73.0	-12.012012481689453
-72.0	-1.001001000404358
-71.0	-12.012012481689453
-70.0	-2.002002000808716
-69.0	-1.001001000404358
-63.0	-1.001001000404358
-61.0	-1.001001000404358
-59.0	-15.0150146484375
-57.0	-1000.0
-56.0	-78.07807922363281
-55.0	-2.002002000808716
-45.0	-1.001001000404358
-44.0	-1.001001000404358
-43.0	-1.001001000404358
-31.0	-2.002002000808716
-29.0	-14.01401424407959
-28.0	-1.001001000404358
-17.0	-1.001001000404358
-15.0	-5.0050048828125
-14.0	-1.001001000404358
-1.0	-9.00900936126709
0.0	-62.06206130981445
1.0	-9.00900936126709
2.0	-1.001001000404358