-135.0	5.230655670166016
-134.0	24.25020980834961
-133.0	29.59729766845703
-132.0	73.60150146484375
-131.0	34.805294036865234
-130.0	54.713890075683594
-129.0	164.68331909179688
-128.0	96.9489517211914
-127.0	32.55949401855469
-126.0	28.788076400756836
-125.0	1.1630913019180298
-124.0	0.604608952999115
-123.0	1.4352279901504517
-122.0	6.251995086669922
-121.0	10.811747550964355
-120.0	6.5647125244140625
-119.0	5.153905391693115
-118.0	49.69663619995117
-117.0	11.579113960266113
-116.0	127.2811279296875
-115.0	39.459590911865234
-114.0	397.0458679199219
-113.0	987.1376342773438
-112.0	37.99704360961914
-111.0	12.780409812927246
-110.0	2.2316813468933105
-109.0	1.3841493129730225
-108.0	1.4257375001907349
-107.0	0.8306825757026672
-106.0	2.070312261581421
-105.0	3.4181644916534424
-104.0	5.603306293487549
-103.0	23.762348175048828
-102.0	15.614707946777344
-101.0	4.344918251037598
-100.0	12.741525650024414
-99.0	1.9722586870193481
-98.0	4.918966293334961
-97.0	1.498564600944519
-96.0	0.7250260710716248
-95.0	0.8749322891235352
-94.0	2.062051773071289
-93.0	1.7118817567825317
-92.0	0.6284781694412231
-90.0	4.031681060791016
-89.0	3.801567316055298
-88.0	1.9168113470077515
-86.0	68.57131958007812
-85.0	34.07795333862305
-84.0	7.17362642288208
-83.0	1.7091566324234009
-82.0	0.22378315031528473
-80.0	1.3377362489700317
-79.0	0.20178022980690002
-78.0	0.2315981686115265
-77.0	1.2647926807403564
-76.0	2.8314552307128906
-75.0	2.2766520977020264
-74.0	2.6883773803710938
-73.0	4.2655487060546875
-72.0	1.0617929697036743
-71.0	0.017655372619628906
-70.0	0.8230266571044922
-69.0	0.17071101069450378
-68.0	0.2029254287481308
-67.0	0.4993341863155365
-66.0	0.1724182367324829
-65.0	0.33517634868621826
-64.0	0.4908617436885834
-62.0	0.7540699243545532
-61.0	3.8931102752685547
-60.0	0.3696388006210327
-59.0	5.564018726348877
-58.0	7.709554195404053
-57.0	1000.0
-56.0	55.45573043823242
-55.0	7.996059894561768
-54.0	1.333558440208435
-53.0	0.015174075961112976
-52.0	0.07791691273450851
-45.0	0.24342143535614014
-43.0	0.26519110798835754
-40.0	0.1614326536655426
-39.0	0.11852958053350449
-38.0	0.3100983202457428
-36.0	0.34900376200675964
-33.0	0.14911100268363953
-24.0	0.3560022711753845
-21.0	0.09238053858280182
-8.0	0.07231809943914413
37.0	0.18072101473808289